DES13X2etf 1247878 36.159638 -6.598515
DES13C2ehl 1249771 55.068115 -29.449822
DES13X2azzh 1253540 35.052773 -6.727623
DES13E1nkg 1255005 8.131628 -42.431725
DES13X2jup 1255561 34.941082 -6.65612
DES13X3obu 1258417 36.245167 -4.535596
DES14C1fi 1290780 53.457481 -27.058786
DES14C1gf 1291019 53.876778 -27.461189
DES14S2sz 1292510 41.842999 -1.188018
DES14S1dch 1298140 43.466011 -0.588965
DES14X2byo 1298914 35.945526 -6.136711
DES15C3hav 1307953 52.967396 -28.252647
DES14C1rhg 1315816 54.530266 -27.712673
DES14S2qri 1316787 40.883915 -1.126162
DES14E2slp 1320152 8.266994 -44.19521
DES15X2mez 1335572 35.868271 -6.505511
DES15X1noe 1339987 33.674698 -4.881828
DES16C3cv 1370309 51.819607 -28.712753
DES16X3aef 1385054 36.691513 -4.695094
DES16C2aix 1385229 55.171543 -29.380161
DES16X3cer 1483027 36.806202 -4.305662
DES16X3dlk 1530176 36.96109 -5.188418
DES16C1drb 1560160 53.558918 -26.909767
DES16S1ene 1587043 41.761475 0.065896
DES17X1amf 1850162 34.444534 -5.600224
DES17X1blv 1876409 35.24847 -4.483536
DES17X3cuq 1890193 37.333683 -4.672534
DES17C3dpb 1897268 52.902069 -28.975569
DES17C3efr 1904295 52.904503 -27.177002
DES17C3gyp 1933271 51.966137 -28.395638

